[0.20945095362636804, 1.1874835933338816, 0.9527846778084734, 0.5601158574938063]
[0.21119855789395106, 1.198375634330388, 1.0945634825093395, 0.4632415270965288]
[0.208366125769147, 1.1820753021059314, 1.2359799931326325, 0.33920899089801515]
[0.20079377829330397, 1.1392900921586515, 1.37147050814216, 0.20119257782676467]
[0.18893124721177373, 1.0716655631943475, 1.495929505659122, 0.06387682503148223]
[0.17315598637943405, 0.9814470921037365, 1.6050889227117668, -0.058506823972024]
[0.1539328576050239, 0.8725472756163837, 1.6942642765237979, -0.15406292902623733]
[0.13197382176242775, 0.7484146755499187, 1.760724958299457, -0.2147635283732223]
[0.10831909300649951, 0.6139737298120899, 1.8016059188767064, -0.23740950837664168]
[0.08375183128320837, 0.4747044889927997, 1.815303911053379, -0.22388772203533328]
[-0.2551854173526373, 1.1785028402054631, 0.9525998780392501, 0.5601158574938064]
[-0.2576898478273809, 1.1892835535315818, 1.0944653956156833, 0.46324152709652844]
[-0.2540262677272589, 1.1730812955353402, 1.2360248320987979, 0.33920899089801526]
[-0.24490711885293742, 1.1306232309063438, 1.3714716394467668, 0.20119257782676453]
[-0.23040744424896567, 1.0634040944110392, 1.4960784460013152, 0.06387682503148223]
[-0.21108104144714815, 0.9740948912762757, 1.6049808021700838, -0.05850682397202385]
[-0.18756618768886085, 0.865739771341301, 1.6944271396066832, -0.1540629290262373]
[-0.16080929041413627, 0.7427332598181149, 1.760730765452633, -0.21476352837322235]
[-0.13206326883996858, 0.609477085257337, 1.801511162279428, -0.23740950837664157]
[-0.10205058490780472, 0.4710809013935417, 1.8153047272676675, -0.22388772203533328]
[-0.6820841103154733, 0.9943564685945772, 0.9527906805640656, 0.5601158574938064]
[-0.6882664191000131, 1.0035277789045565, 1.0945514759191668, 0.4632415270965286]
[-0.678851975223444, 0.9898661384713564, 1.2359853400239187, 0.3392089908980151]
[-0.6542777968560485, 0.95406972150356, 1.371435891156847, 0.20119257782676483]
[-0.61546650801512, 0.897312574015374, 1.4960507333319781, 0.06387682503148215]
[-0.5636965834710062, 0.8219397965556892, 1.6050206893974477, -0.0585068239720239]
[-0.5010260873046052, 0.7306414907896793, 1.6943542264366525, -0.1540629290262374]
[-0.42984712637035144, 0.6266544861392896, 1.760768460490547, -0.21476352837322218]
[-0.3526244428709072, 0.5141768608631968, 1.8016001460760958, -0.23740950837664151]
[-0.2726358037673231, 0.3975609538980396, 1.8152733037798927, -0.22388772203533316]
[-1.007484490539891, 0.6625209322727772, 0.9528537808946721, 0.5601158574938067]
[-1.0167151065438842, 0.6686228206572776, 1.0945123060387008, 0.4632415270965288]
[-1.0028589424192447, 0.6594704593942315, 1.2360336361302242, 0.3392089908980153]
[-0.966601930609866, 0.6356438587367983, 1.371427584019213, 0.20119257782676475]
[-0.9090909967617011, 0.5978626661406723, 1.4960998544352535, 0.06387682503148209]
[-0.8327601442899004, 0.5477177650339562, 1.6049384684537422, -0.058506823972023794]
[-0.7400739753096613, 0.48669561099617664, 1.694467976593723, -0.1540629290262377]
[-0.6348705455740734, 0.4176443416000812, 1.7607255051574375, -0.2147635283732223]
[-0.5209140686299988, 0.3426767764605105, 1.8015859458115426, -0.23740950837664182]
[-0.4026961323016081, 0.2648012538032499, 1.8153346440956724, -0.22388772203533322]
[-1.1832259041732889, 0.23243828571967232, 0.9525685742103871, 0.5601158574938064]
[-1.1940335635967987, 0.23443358970877232, 1.0945670141176487, 0.46324152709652877]
[-1.1778180935482445, 0.23138210188797767, 1.2359247251302217, 0.33920899089801515]
[-1.1351303011826013, 0.22300530527475812, 1.3714780508018278, 0.2011925778267646]
[-1.0677639746036345, 0.209646181694794, 1.495981222486627, 0.06387682503148212]
[-0.9779206284385404, 0.1920219411393293, 1.6050925236919924, -0.058506823972024107]
[-0.8694088010781974, 0.17081196344624183, 1.6942598145131529, -0.15406292902623733]
[-0.745737434558239, 0.14651445160684268, 1.7606871507876185, -0.21476352837322235]
[-0.6120195110066647, 0.12015135096054874, 1.801486478012579, -0.2374095083766417]
[-0.4728942273950481, 0.09282618035759296, 1.8153436958288354, -0.22388772203533328]
[-1.183216827358464, -0.23226318539718707, 0.9527653710428512, 0.5601158574938068]
[-1.1940614805357062, -0.23446643108415421, 1.0945274510668037, 0.46324152709652844]
[-1.1778465811107126, -0.23141124954036962, 1.2358022349982134, 0.33920899089801515]
[-1.1352320525136619, -0.22295794343996575, 1.3713444527707523, 0.2011925778267649]
[-1.0677653740386148, -0.20960603672280773, 1.4959934603048404, 0.06387682503148212]
[-0.9779109401841991, -0.19209999156443974, 1.6050932256415287, -0.058506823972024107]
[-0.8690996409677649, -0.17077075189900726, 1.6945132889384595, -0.1540629290262372]
[-0.7456058964625882, -0.14642442638626252, 1.7607913485011515, -0.21476352837322216]
[-0.6120274899107075, -0.12024281828407822, 1.8014506039977107, -0.2374095083766417]
[-0.4731175507288447, -0.09293138210801652, 1.8152450017712505, -0.22388772203533328]
[-1.0073837996069335, -0.6626596977755889, 0.9528404251928848, 0.5601158574938062]
[-1.0165944420562685, -0.6686850838471611, 1.094628005056368, 0.46324152709652844]
[-1.0029008813366218, -0.659568693407269, 1.2358668392320458, 0.3392089908980153]
[-0.9665945714261504, -0.6357085241988655, 1.3713527381813968, 0.20119257782676425]
[-0.9090273616837392, -0.5979414324005433, 1.496113572171612, 0.06387682503148223]
[-0.8327091373243382, -0.5477337775296699, 1.6049746141806622, -0.058506823972024]
[-0.7401439694497318, -0.48672450730641453, 1.6944214190107665, -0.15406292902623742]
[-0.6349317003117678, -0.41757770168986774, 1.7607226820983968, -0.2147635283732223]
[-0.5209149447595921, -0.34267238244481274, 1.801566784450758, -0.23740950837664151]
[-0.40259221822783464, -0.2648238748054363, 1.815359270729065, -0.22388772203533314]
[-0.6819253832302713, -0.9944827811316134, 0.9527156498838925, 0.5601158574938067]
[-0.6883381546960623, -1.0034351004333628, 1.094587019294117, 0.4632415270965286]
[-0.678910269219202, -0.989916492730488, 1.2358310787437674, 0.3392089908980154]
[-0.6544686842288567, -0.954078313783396, 1.3712432409424933, 0.20119257782676458]
[-0.6153684886315289, -0.8972960179680404, 1.496139572790501, 0.06387682503148207]
[-0.5637920015072624, -0.821882721340935, 1.6050134829341713, -0.058506823972023926]
[-0.5010936903464078, -0.7304612076009274, 1.6944278826627186, -0.1540629290262374]
[-0.42981361533038653, -0.6267423343662849, 1.7607185424933418, -0.21476352837322235]
[-0.3526471845076647, -0.5141545190521349, 1.8015948720118318, -0.2374095083766417]
[-0.27258916717912995, -0.39750598370029044, 1.8153351768949264, -0.2238877220353334]
[-0.25537490113447564, -1.1784457556903958, 0.952818101595252, 0.5601158574938064]
[-0.257606550559518, -1.1892854489071465, 1.0944383609455364, 0.46324152709652844]
[-0.2541958255023728, -1.1730407537755043, 1.2360321523039925, 0.33920899089801515]
[-0.2448347006125431, -1.1307602834302886, 1.3712602938575138, 0.20119257782676453]
[-0.23036764597910472, -1.0634174203300266, 1.4960661792109977, 0.06387682503148218]
[-0.211030981534983, -0.9739855308125509, 1.6051014817777045, -0.05850682397202385]
[-0.18757215897575247, -0.8657866656326619, 1.6943895738726484, -0.15406292902623728]
[-0.16088809890486513, -0.7426358715559302, 1.7607783384347764, -0.21476352837322235]
[-0.13204146257915506, -0.6093159509335031, 1.801603778189733, -0.23740950837664163]
[-0.10205810032029362, -0.47093911355877655, 1.8153272269284062, -0.22388772203533328]
[0.20949883971988995, -1.1874550673861308, 0.9528099010927313, 0.5601158574938063]
[0.2112834103014947, -1.1983299978098678, 1.0946809943320128, 0.46324152709652877]
[0.20838487928176647, -1.1821141864481126, 1.2358374600420574, 0.3392089908980154]
[0.20086826430078955, -1.1392233612829163, 1.371544395384444, 0.20119257782676467]
[0.18897933553483587, -1.0715197304479065, 1.4961046502925914, 0.06387682503148223]
[0.17304346303928464, -0.9816445975959932, 1.6048978716869853, -0.05850682397202395]
[0.15376872594244734, -0.8723318783804981, 1.6944686232811281, -0.1540629290262373]
[0.13192136209951139, -0.7485062130203516, 1.76064047558693, -0.21476352837322224]
[0.1082439117920241, -0.6141075111464511, 1.8015312456939458, -0.23740950837664157]
[0.08368741555576119, -0.4747329096747914, 1.8152653256502023, -0.22388772203533328]
[0.19145080532993752, 1.0860719350750405, 1.2064615006193327, 0.5122650068698167]
[0.18874405119635423, 1.069813692109194, 1.3477185038467325, 0.41353752522007114]
[0.18113450269871134, 1.0270488993659144, 1.4831768036273596, 0.29470186030601264]
[0.16912732503624053, 0.9593600236519699, 1.6077931233648355, 0.16940275166465718]
[0.15318621172559294, 0.8690989616607391, 1.7169863514347623, 0.05181215736024958]
[0.13395743973576307, 0.7599781527726536, 1.8063356834692599, -0.04530951116936188]
[0.11215246566102224, 0.6360462027922764, 1.8725975572596636, -0.11233247777507736]
[0.08845853728651419, 0.5018754054874258, 1.9133735935097642, -0.14400825635694403]
[0.06386476943896048, 0.36239670458482487, 1.9271537547222568, -0.140072827532011]
[0.03932680369574776, 0.22291242556250832, 1.913390755869619, -0.10511935082616126]
[-0.23344854891184072, 1.0778267572019964, 1.2064621193303908, 0.5122650068698166]
[-0.23002281029537022, 1.0616025815134604, 1.3478547794240336, 0.4135375252200713]
[-0.22082812871806523, 1.0191378205218962, 1.4833379834694742, 0.29470186030601275]
[-0.20630300325863665, 0.9520766257212054, 1.6077743582085382, 0.16940275166465696]
[-0.18682109634143657, 0.8625568640771315, 1.7169305255437048, 0.05181215736024953]
[-0.16349045725721492, 0.7544516739265893, 1.8061437121338486, -0.0453095111693619]
[-0.13678178921981954, 0.631345472518738, 1.8725080722670844, -0.1123324777750775]
[-0.10785820129298022, 0.4979699879897885, 1.913423977538204, -0.14400825635694403]
[-0.07788633247237661, 0.35973010332773536, 1.9271210446586131, -0.14007282753201103]
[-0.04790051592714899, 0.22107724095061565, 1.9134164935654787, -0.1051193508261614]
[-0.6237640744978887, 0.9094632359805912, 1.2064372632326796, 0.5122650068698167]
[-0.6142870397530468, 0.8958409240678799, 1.3478600124695315, 0.41353752522007114]
[-0.5898017080291775, 0.8599068678435338, 1.4833993502651925, 0.29470186030601275]
[-0.5508917341621199, 0.8033209468658589, 1.6078837100996188, 0.1694027516646571]
[-0.49922923344969294, 0.7277536911492879, 1.716960203433875, 0.05181215736024946]
[-0.43659122635767056, 0.6365283259076514, 1.8062100196592132, -0.0453095111693618]
[-0.36527637438875094, 0.5326778201755109, 1.8725873538619326, -0.1123324777750774]
[-0.28826432920071177, 0.4202242022246413, 1.9133884380620807, -0.14400825635694414]
[-0.20815306173610057, 0.3035137353829169, 1.927131930015949, -0.140072827532011]
[-0.12801209438600367, 0.18663577229436065, 1.913392119559206, -0.10511935082616121]
[-0.921378176023677, 0.6060132648787792, 1.2064006686587458, 0.5122650068698168]
[-0.9076695731671458, 0.5968779460542821, 1.3476925712955319, 0.41353752522007103]
[-0.8713327121536792, 0.5729892621629661, 1.4832785264436843, 0.29470186030601303]
[-0.813772696943994, 0.5352721682856791, 1.6079380519902495, 0.1694027516646572]
[-0.7373662203905647, 0.48506014109049084, 1.7168922102436803, 0.05181215736024958]
[-0.6449003317869244, 0.42424869782011576, 1.8061607152626857, -0.04530951116936172]
[-0.539668742457557, 0.3549810603651559, 1.8725523146295844, -0.1123324777750775]
[-0.4256922495873317, 0.2800152231739803, 1.913404072298465, -0.14400825635694403]
[-0.3073293853057324, 0.20209946494086628, 1.927202404833821, -0.14007282753201106]
[-0.18913420736044068, 0.1244138790034165, 1.913379502368357, -0.10511935082616121]
[-1.0820854263871695, 0.21244681179813396, 1.2066008372367967, 0.5122650068698171]
[-1.0659333239376474, 0.2093709516591076, 1.3477619162088805, 0.4135375252200713]
[-1.0233576379700273, 0.2009425549151802, 1.483157568153633, 0.29470186030601275]
[-0.9559478187795569, 0.18778161756532974, 1.6077160662848926, 0.16940275166465718]
[-0.8661643997625569, 0.17019827523691977, 1.716777247162629, 0.05181215736024949]
[-0.7575153322338386, 0.14870181067935367, 1.8061362721965115, -0.045309511169361764]
[-0.633675359383175, 0.12444495696458928, 1.8726350715875704, -0.11233247777507746]
[-0.5001092509251287, 0.09818039516832039, 1.9133372156523318, -0.14400825635694417]
[-0.36109111042753955, 0.07089282265965234, 1.9271120189066984, -0.14007282753201114]
[-0.22204516789650502, 0.043596017542493294, 1.9134053574042778, -0.1051193508261613]
[-1.0820924789541162, -0.21241189575598773, 1.2065857695928828, 0.5122650068698168]
[-1.0658766683411771, -0.20942378817441304, 1.3478159404143526, 0.4135375252200713]
[-1.0232556531649033, -0.20086654636726953, 1.4833189563402418, 0.29470186030601275]
[-0.9557897000588857, -0.18762254951113613, 1.6079241566951845, 0.1694027516646573]
[-0.8661676577395748, -0.17008686556676852, 1.716797586889935, 0.05181215736024953]
[-0.7572717765707478, -0.14879412905843337, 1.806290545046064, -0.045309511169361764]
[-0.6337132797999139, -0.12445682706452867, 1.8726237368856784, -0.11233247777507746]
[-0.5000237237886851, -0.09824372572897311, 1.9133687883555304, -0.1440082563569442]
[-0.36087873829847944, -0.07089494662769928, 1.9271909834217367, -0.14007282753201114]
[-0.22207553027855315, -0.04361392801934399, 1.9133779636288837, -0.1051193508261613]
[-0.9213324309952176, -0.6060094317216886, 1.2064801712013633, 0.5122650068698162]
[-0.9075509576073146, -0.5968469912165484, 1.3478847912108127, 0.41353752522007114]
[-0.8713195304488593, -0.5730027828035855, 1.483264109525915, 0.29470186030601253]
[-0.8139021387976169, -0.5352041408903502, 1.6078466975511794, 0.16940275166465682]
[-0.7375573964231649, -0.48500766335368845, 1.7167681021153485, 0.05181215736024956]
[-0.6448530349918277, -0.4241877712898683, 1.8062108070208915, -0.0453095111693618]
[-0.5396259432091499, -0.3549489103238674, 1.8725742854251821, -0.11233247777507731]
[-0.42578563375039663, -0.2800461326247929, 1.9133739444078348, -0.144008256356944]
[-0.3075517870286848, -0.2022753338940693, 1.9271121394449373, -0.14007282753201097]
[-0.18900001105536993, -0.12433083826803872, 1.9134127032915726, -0.10511935082616121]
[-0.623789512600136, -0.9093888921875372, 1.2064317168157195, 0.5122650068698165]
[-0.6143108423806783, -0.8958769932120891, 1.3477623460696133, 0.41353752522007114]
[-0.5898397509990834, -0.8598915046039971, 1.483384410701001, 0.2947018603060127]
[-0.5509600895222025, -0.8033284662590674, 1.607831743854916, 0.169402751664657]
[-0.49919936813868215, -0.7278239279714049, 1.7169258946010126, 0.05181215736024949]
[-0.43651402862557515, -0.6365275904030934, 1.8062458354679256, -0.04530951116936172]
[-0.3654391017308444, -0.5327832340840359, 1.8724769704311273, -0.11233247777507731]
[-0.28814081085364157, -0.4202020408021294, 1.9134232611488442, -0.14400825635694395]
[-0.20800408657210087, -0.303258532257653, 1.9272022360307202, -0.140072827532011]
[-0.1280524743887544, -0.18669206829523957, 1.9133533363797157, -0.10511935082616121]
[-0.23354318566680873, -1.077776484844955, 1.2064513217649637, 0.5122650068698166]
[-0.22995467962010593, -1.0615872396541637, 1.347910170572145, 0.41353752522007137]
[-0.22068659742057106, -1.019102166519227, 1.4834302665553012, 0.294701860306013]
[-0.20625256680969037, -0.951947868573692, 1.6079359800145712, 0.16940275166465688]
[-0.18692423753273177, -0.8625456676942113, 1.7169207836465432, 0.05181215736024953]
[-0.1633838430366075, -0.7543157161619873, 1.8062497132181994, -0.0453095111693618]
[-0.13667037893724446, -0.6312245302475238, 1.8726083740356654, -0.1123324777750775]
[-0.1078326232697134, -0.4979026313242259, 1.9134401977834108, -0.14400825635694403]
[-0.07793677056337178, -0.35964358238627575, 1.927116760824117, -0.14007282753201106]
[-0.0479182621197734, -0.2211742251924405, 1.9133817970357316, -0.1051193508261613]
[0.19143512065861992, -1.0860949798551, 1.2064127692076734, 0.5122650068698165]
[0.1885588054991698, -1.0698426417310176, 1.3476885452777954, 0.41353752522007103]
[0.18108177250843388, -1.0270225543887288, 1.4832184405713038, 0.29470186030601253]
[0.16915323623851974, -0.9594179649691521, 1.6077150072545743, 0.16940275166465701]
[0.1532591953470472, -0.8691129951941409, 1.7169659057806907, 0.051812157360249626]
[0.13409487078530238, -0.760085790449017, 1.8062462073034777, -0.04530951116936182]
[0.11211676282180914, -0.636019538982973, 1.8726162532191715, -0.11233247777507731]
[0.08848919388978667, -0.5019630078636963, 1.9133321033213169, -0.144008256356944]
[0.06387013728501956, -0.36227424514489254, 1.9271694700861353, -0.14007282753201097]
[0.039296609880310904, -0.22286860810515538, 1.9133969177876977, -0.10511935082616121]
[0.16541325850181673, 0.9384222292706202, 1.4354595584842977, 0.44259752956705184]
[0.15796513645619858, 0.8955921438056568, 1.5709826379362406, 0.34618948607424416]
[0.14600218452391872, 0.8279341212666811, 1.695585993281553, 0.23755738137817017]
[0.13008887579388506, 0.7378498664286255, 1.8046147408819266, 0.1302841531616922]
[0.1108051252938762, 0.628678185058958, 1.8940123733973822, 0.03747496935822074]
[0.08898476954811493, 0.5047114429991939, 1.9603175568393651, -0.03008345820180025]
[0.06532219988873349, 0.37027738234024116, 2.0011984781306067, -0.06541278329600102]
[0.04074662780641649, 0.2309837983829304, 2.01490027062524, -0.06626504559775667]
[0.01612210050905924, 0.09147368255540728, 2.0011337122346102, -0.03534413104308886]
[-0.007581525641497409, -0.04301592638477995, 1.9603199217154377, 0.02020200935788932]
[-0.20176170137150887, 0.9312705765557499, 1.4354612489581282, 0.44259752956705184]
[-0.19256048930422692, 0.8887634827159703, 1.5710749345823811, 0.346189486074244]
[-0.17788051064919136, 0.8215088377475823, 1.6957339019833035, 0.23755738137817017]
[-0.15859710215741774, 0.7321729842251562, 1.8046519433432966, 0.1302841531616924]
[-0.13514947984935616, 0.6239420698300006, 1.8939869721308582, 0.03747496935822086]
[-0.10851191242213148, 0.5009498084935963, 1.9602843707288615, -0.03008345820180033]
[-0.07967406516242172, 0.3676812862181059, 2.001110444970923, -0.0654127832960011]
[-0.04962552483299673, 0.22909604355885888, 2.0149382279650188, -0.06626504559775663]
[-0.019665682272428608, 0.09075536251989057, 2.0011605670077297, -0.03534413104308889]
[0.009183333826514066, -0.042397012254397674, 1.9603459352182373, 0.020202009357889256]
[-0.5389836721697334, 0.7857854477100561, 1.4354521764780446, 0.442597529567052]
[-0.5143843234491644, 0.7499428074079229, 1.5710008309509134, 0.34618948607424416]
[-0.4753843341852649, 0.6931307931583484, 1.6957776321704487, 0.2375573813781705]
[-0.42365181115291806, 0.6176624121298756, 1.804790248191979, 0.13028415316169245]
[-0.3611511077503783, 0.5265284196274764, 1.8939472216342312, 0.037474969358220755]
[-0.2898242568300597, 0.42255882189659005, 1.9603680129952037, -0.030083458201800344]
[-0.21280165967821338, 0.3102773668626145, 2.001118741340326, -0.0654127832960011]
[-0.13256517064211887, 0.19332080642304322, 2.014965951015211, -0.06626504559775667]
[-0.0524806055069198, 0.07651196276244901, 2.001165686481776, -0.03534413104308886]
[0.02461557073952061, -0.03588454151531972, 1.9603729605187512, 0.020202009357889336]
[-0.7960993009330565, 0.5235776755260217, 1.4355255152871906, 0.4425975295670521]
[-0.7597743554026933, 0.4996674114484413, 1.57108338614917, 0.3461894860742443]
[-0.7023718564093507, 0.4620549676927061, 1.695537196205243, 0.23755738137817062]
[-0.6260059815199069, 0.41172059819749074, 1.8045676856604027, 0.1302841531616923]
[-0.5333210061896431, 0.3507114717289041, 1.8940583281631418, 0.03747496935822086]
[-0.4281928631456185, 0.2816130405894202, 1.9603165149711146, -0.030083458201800344]
[-0.31431083780135066, 0.206760401062515, 2.001119077545702, -0.0654127832960011]
[-0.19579417132973811, 0.12878453908161772, 2.014961054841974, -0.06626504559775667]
[-0.07749659243417104, 0.05096088094591293, 2.0011648700128126, -0.03534413104308892]
[0.036210316940949214, -0.023813693246875055, 1.9603542901464823, 0.020202009357889284]
[-0.9349109029363932, 0.18369774375222436, 1.435581209726611, 0.4425975295670523]
[-0.8924112916178144, 0.17524530441979483, 1.5709591585173663, 0.34618948607424416]
[-0.8249557053736857, 0.1619485493593062, 1.6955753453355316, 0.23755738137817065]
[-0.7350467948174918, 0.1444081488574967, 1.8046977352600457, 0.13028415316169256]
[-0.6265204625978028, 0.1230796111722596, 1.8939374935080584, 0.03747496935822094]
[-0.5029199775450779, 0.09880583799071063, 1.9603006289438136, -0.030083458201800316]
[-0.368908509417264, 0.07247466837576011, 2.001201286564852, -0.06541278329600117]
[-0.22994392884064604, 0.04518189562422286, 2.014952226568419, -0.06626504559775673]
[-0.0911065449035647, 0.01790017754666297, 2.0011638156554383, -0.0353441310430889]
[0.04272376199442378, -0.008393662906967806, 1.9603592900103597, 0.0202020093578893]
[-0.9349150527509271, -0.18358070630584947, 1.4356003833877786, 0.44259752956705195]
[-0.8922101106151087, -0.17525558625996462, 1.5711994216691785, 0.34618948607424427]
[-0.8247434939543946, -0.1619361282012675, 1.6957746503379016, 0.2375573813781704]
[-0.7350328916173766, -0.14428031971738012, 1.804733307579882, 0.1302841531616924]
[-0.6264455544937357, -0.1229878006206531, 1.8939919582097449, 0.03747496935822087]
[-0.5027899751460498, -0.09872833326392134, 1.9603719288545745, -0.030083458201800303]
[-0.369114547019654, -0.07246401730354039, 2.0011335912718833, -0.06541278329600113]
[-0.2300732623644032, -0.04520143831312669, 2.0149273008746755, -0.06626504559775667]
[-0.09118945057896995, -0.01791203625704808, 2.001146575684927, -0.03534413104308889]
[0.04264347183337232, 0.008372311250045936, 1.9603684807891144, 0.02020200935788929]
[-0.7960550751661756, -0.5235735476894218, 1.4355255828676756, 0.44259752956705184]
[-0.759815833100124, -0.49983166712655963, 1.5708995320202168, 0.34618948607424416]
[-0.7023738324589349, -0.46187514339346736, 1.695622513170703, 0.2375573813781704]
[-0.625924055990061, -0.4117445690965643, 1.804608427062073, 0.1302841531616924]
[-0.5334604329495385, -0.35089777059391536, 1.8939245687501916, 0.03747496935822084]
[-0.42818936294910237, -0.28157284585527037, 1.9603274107664859, -0.030083458201800396]
[-0.3141878517638508, -0.2066869764977417, 2.001168307257025, -0.06541278329600107]
[-0.19589688593706597, -0.12883706089696967, 2.0149428521080543, -0.06626504559775663]
[-0.07761460675430505, -0.051038621292646795, 2.001160193380616, -0.03534413104308886]
[0.036421590684053144, 0.023954340395151645, 1.9603404740047832, 0.020202009357889284]
[-0.5389166406890938, -0.7857631176343858, 1.4355908200828502, 0.442597529567052]
[-0.5143457747368475, -0.7499729287530497, 1.5709847297537227, 0.34618948607424416]
[-0.47546987205520636, -0.6931320315022346, 1.6957141934860192, 0.2375573813781705]
[-0.42368674967191133, -0.617858925666119, 1.804660369881161, 0.1302841531616924]
[-0.3610197799652044, -0.5263129011309463, 1.8940962885478787, 0.03747496935822071]
[-0.2898804955871604, -0.4226693242589662, 1.9603095925457343, -0.03008345820180029]
[-0.212661929948779, -0.31012488062934035, 2.001181890431844, -0.06541278329600107]
[-0.13264845313871387, -0.1933859548270468, 2.0149396782195073, -0.06626504559775667]
[-0.05248850600491714, -0.07651933802401947, 2.001174172195349, -0.03534413104308886]
[0.024501317019432443, 0.035725467869013365, 1.9603402657856068, 0.02020200935788932]
[-0.20176723079921266, -0.9312065378904523, 1.4355801611344423, 0.44259752956705184]
[-0.19256908274926163, -0.8887106750642659, 1.5710779961620327, 0.346189486074244]
[-0.17802092558679944, -0.8215598196506824, 1.6956597349125266, 0.23755738137817017]
[-0.15857423407732416, -0.7320718699440821, 1.804745618996966, 0.1302841531616923]
[-0.1352083547260455, -0.6239752655358037, 1.8939671204100195, 0.03747496935822086]
[-0.10841925258575595, -0.5007492201090631, 1.9603876117583583, -0.03008345820180033]
[-0.07963083232942136, -0.3675567878589532, 2.0011628228459952, -0.06541278329600113]
[-0.04961340009139793, -0.22910729780074743, 2.0149588268127894, -0.06626504559775663]
[-0.0196210302313419, -0.09055150047711732, 2.0011628129218275, -0.03534413104308889]
[0.009208688600285552, 0.042511494285142566, 1.960356692312904, 0.020202009357889256]
[0.16538019472198556, -0.9383005114182084, 1.435642510180359, 0.44259752956705184]
[0.1578732295875652, -0.8955049802201728, 1.5710779536769617, 0.3461894860742441]
[0.1459772186119601, -0.8278206681000104, 1.6956891119579414, 0.23755738137817017]
[0.13000248362866046, -0.7376803666262157, 1.8047392417574057, 0.1302841531616922]
[0.11080017730596615, -0.6287256316601278, 1.8939911530961195, 0.03747496935822069]
[0.0889453024308215, -0.5046802464109099, 1.960335893848168, -0.03008345820180025]
[0.06528027932788978, -0.37028227984304046, 2.001195215394152, -0.06541278329600099]
[0.04076815575783702, -0.231086470944233, 2.0149029471801847, -0.06626504559775667]
[0.01610127405861181, -0.09135855721562326, 2.0011721045413617, -0.03534413104308886]
[-0.007576821252972403, 0.042961264087535624, 1.9603128612605187, 0.02020200935788932]
[0.13217042064307263, 0.7499382815809681, 1.631500521801911, 0.35372521602834117]
[0.12021700194004584, 0.6821520749289379, 1.7561007046067887, 0.26372224580633474]
[0.1043660075958977, 0.5921319059648369, 1.8650991645070434, 0.16991786512821339]
[0.08518254326480523, 0.48307459368000977, 1.9544088007215656, 0.08530331427313155]
[0.06332852811171821, 0.3592302149718736, 2.020681539903008, 0.02140275329654593]
[0.03963614109797332, 0.22478134386532314, 2.0615647056333666, -0.013399480335835295]
[0.015018910506626505, 0.08519467795767623, 2.0753647453533106, -0.015062835785945215]
[-0.009581976342858452, -0.054372150717389885, 2.0615600065038837, 0.015551559231318395]
[-0.03321027317661387, -0.1884243033652482, 2.020766810371779, 0.07285036732195724]
[-0.055093197653817885, -0.31244598264388435, 1.9544325880408473, 0.14737813858001086]
[-0.1612720147886102, 0.7442846102892607, 1.6314498761617169, 0.35372521602834134]
[-0.14669438856678668, 0.6770869491902727, 1.7560560465138633, 0.2637222458063346]
[-0.12727986824160814, 0.5875966300696641, 1.8651179304884697, 0.16991786512821336]
[-0.10380240013243357, 0.4792381871533567, 1.954504403832249, 0.08530331427313163]
[-0.07721503484522865, 0.3563819898431996, 2.020730106334285, 0.02140275329654597]
[-0.048326218700688345, 0.22304179455489737, 2.061573385275776, -0.013399480335835295]
[-0.018346632214933427, 0.084726918185429, 2.075328316923271, -0.015062835785945201]
[0.011664363252782018, -0.05384666304907753, 2.0615549171443157, 0.015551559231318422]
[0.04050757422585098, -0.18693095702726523, 2.020760562818481, 0.07285036732195727]
[0.06718175838491955, -0.31004013361558175, 1.954445509320354, 0.14737813858001098]
[-0.43069985126963983, 0.6278881139697982, 1.631542117513711, 0.3537252160283414]
[-0.39192411232006663, 0.5713555306230149, 1.7559832466004788, 0.2637222458063347]
[-0.34004901039504976, 0.49573052068315704, 1.8651458138927894, 0.16991786512821327]
[-0.2773039941707304, 0.4043887105869296, 1.9545082521584685, 0.08530331427313155]
[-0.2062745176940461, 0.30069992712344384, 2.020722992726273, 0.021402753296545892]
[-0.12908972156193302, 0.18823389754549294, 2.061568570537748, -0.013399480335835283]
[-0.04890788892029999, 0.07129517574495425, 2.0753642491627833, -0.015062835785945201]
[0.031067559340095648, -0.04529763128346708, 2.0615719299555404, 0.015551559231318395]
[0.10815790964151933, -0.15773095689020866, 2.0207469794669897, 0.0728503673219572]
[0.17943375622266816, -0.2615964805471453, 1.9544436641668785, 0.1473781385800109]
[-0.6361856365273462, 0.4183795986954792, 1.63153266838681, 0.3537252160283412]
[-0.5786832468249278, 0.3806678460633205, 1.7561297505618807, 0.2637222458063349]
[-0.5024459344810654, 0.33041132628617986, 1.8650496808412491, 0.16991786512821327]
[-0.409800849463924, 0.26954006344502984, 1.9544365580568779, 0.08530331427313159]
[-0.3046242699921631, 0.20032236504319503, 2.0207507148668005, 0.02140275329654593]
[-0.1907806790258784, 0.1254782856880895, 2.0615446031500992, -0.013399480335835295]
[-0.07237999555883856, 0.04761049613761854, 2.075347341253394, -0.015062835785945201]
[0.0459524916062046, -0.030229922686407392, 2.0615781410385554, 0.015551559231318422]
[0.16002492363690507, -0.1052353387976576, 2.0207358121122923, 0.0728503673219572]
[0.265035607294697, -0.17428181474355942, 1.9544493520919395, 0.14737813858001084]
[-0.7472420830275079, 0.14683107263676182, 1.6314364560321062, 0.3537252160283412]
[-0.679872556719323, 0.13357152859711874, 1.7559697685454914, 0.2637222458063348]
[-0.5898596546814006, 0.11590087934125273, 1.86516220829962, 0.16991786512821344]
[-0.48138751307426775, 0.09449247479837436, 1.95439105502769, 0.08530331427313159]
[-0.357664885121628, 0.07022224472490911, 2.0207823566673073, 0.02140275329654595]
[-0.22410941158645079, 0.04399366105820656, 2.0615336377185582, -0.01339948033583532]
[-0.08514726274747045, 0.01672438259977895, 2.075323743687472, -0.015062835785945201]
[0.05407308400051185, -0.010619496908254415, 2.0615870993810663, 0.015551559231318408]
[0.1876944247719037, -0.0368739628336111, 2.020737126558601, 0.07285036732195724]
[0.3113374539738144, -0.061167339812034136, 1.954400590654137, 0.1473781385800109]
[-0.7472285051108094, -0.1468210915638284, 1.6314489674197867, 0.35372521602834145]
[-0.6798375112217172, -0.1334503004248061, 1.7560157707676687, 0.26372224580633485]
[-0.5899096688760382, -0.11580244530566142, 1.86514953151244, 0.16991786512821344]
[-0.4813229456206834, -0.09448745183913942, 1.95441228029394, 0.08530331427313155]
[-0.3578043801065663, -0.07025364216745618, 2.0207345436643696, 0.02140275329654595]
[-0.2238565584629487, -0.04396705765919051, 2.0615958736492157, -0.01339948033583532]
[-0.08512250832645889, -0.0167206725027992, 2.0753284394795273, -0.015062835785945201]
[0.05401785912821204, 0.010609816805216974, 2.0615599798830484, 0.015551559231318408]
[0.18777086754154584, 0.03688498296527232, 2.0207274826207393, 0.07285036732195724]
[0.31126252064910936, 0.061106868450873285, 1.9544510018391332, 0.1473781385800109]
[-0.6362879962250769, -0.41844704620407636, 1.6314482850596426, 0.353725216028341]
[-0.5787017262605696, -0.3806990863806031, 1.7561045359002772, 0.2637222458063344]
[-0.5024419849264923, -0.3304208275875039, 1.8650179302550578, 0.16991786512821322]
[-0.40973923512682253, -0.269542504716809, 1.9544389808276945, 0.0853033142731314]
[-0.3045454703119651, -0.20032804975038637, 2.0207742997355758, 0.02140275329654596]
[-0.19066609216331426, -0.12541805613769913, 2.061575023530745, -0.013399480335835295]
[-0.07239295239840886, -0.04761177498274803, 2.0753459856981102, -0.015062835785945201]
[0.04607862925358548, 0.03030300574775039, 2.0615759756709298, 0.015551559231318408]
[0.1598554555917993, 0.10513189643256232, 2.0207501556693352, 0.07285036732195717]
[0.26504132037892647, 0.17429774672251874, 1.9543981722757995, 0.1473781385800108]
[-0.4306964519388947, -0.6279541780883442, 1.6315375727685815, 0.35372521602834117]
[-0.3918540221576437, -0.5712453343164849, 1.7560883001827075, 0.26372224580633474]
[-0.34008726598369304, -0.49583704898303294, 1.8650652659471036, 0.16991786512821336]
[-0.27744499934781297, -0.40444366805212406, 1.9544357180169702, 0.08530331427313155]
[-0.2062472606763539, -0.30070541490483754, 2.020732076779377, 0.02140275329654593]
[-0.1290992198500444, -0.18820912495438882, 2.061572338811273, -0.013399480335835283]
[-0.048906746645843206, -0.07130072502552763, 2.0753632004947233, -0.015062835785945201]
[0.031196057653984532, 0.045482973396784324, 2.06157542748322, 0.015551559231318395]
[0.10820179417206231, 0.15773996801845191, 2.0207415207013564, 0.07285036732195717]
[0.17935794987042145, 0.26152564650852744, 1.9544633773680198, 0.1473781385800108]
[-0.16123205473123445, -0.744145027496683, 1.6315699430814488, 0.35372521602834106]
[-0.14663066891819607, -0.6769728897141114, 1.7561284107705357, 0.26372224580633447]
[-0.1272441453522691, -0.5875169240781042, 1.8651595640118241, 0.16991786512821322]
[-0.1038438868826194, -0.47924428126080126, 1.9544908693369376, 0.08530331427313148]
[-0.07721410109409614, -0.35638731978083604, 2.0207241253224413, 0.02140275329654593]
[-0.04835214689821514, -0.22321068828813787, 2.0615308912840082, -0.013399480335835295]
[-0.01834452820540426, -0.08472339000594703, 2.075329721517824, -0.015062835785945201]
[0.011609917468312277, 0.05358357952250656, 2.0615691983406235, 0.015551559231318422]
[0.04053000051834646, 0.1870491228225653, 2.020734842161753, 0.0728503673219572]
[0.06717094437315255, 0.31010029368363445, 1.954438243098287, 0.14737813858001086]
[0.13219095699480235, -0.7499198180853651, 1.631515679485131, 0.35372521602834106]
[0.12029845641878624, -0.6821212267819916, 1.7561597864713638, 0.26372224580633447]
[0.10434964930586639, -0.5919979176322081, 1.8651815688852178, 0.16991786512821333]
[0.08522006504400746, -0.48310777124013127, 1.954396444468487, 0.08530331427313148]
[0.06333558610681371, -0.359246124034191, 2.0206764307336984, 0.02140275329654595]
[0.03961755141801998, -0.22477099039467457, 2.0615663606042225, -0.013399480335835295]
[0.015019186759479932, -0.08517464096597818, 2.075363002313359, -0.015062835785945201]
[-0.009544846339259214, 0.054141244874785034, 2.0615523238800257, 0.015551559231318395]
[-0.03321025842949279, 0.1884080415929203, 2.0207706416111315, 0.0728503673219572]
[-0.055044579899695266, 0.31228157816278873, 1.9544782009792367, 0.14737813858001084]
[0.0931175576516582, 0.5278258472595823, 1.7868878017517635, 0.24897983407590168]
[0.07723756317602988, 0.43779491449854724, 1.8958464980335106, 0.16922745002081996]
[0.05791344719541958, 0.3286305534037598, 1.9852217632936258, 0.09431907499898035]
[0.036071418269007324, 0.20463149547412424, 2.0515575695508423, 0.03614653870434558]
[0.012416869812812767, 0.07042470386697097, 2.0923492112801014, 0.004198046570436129]
[-0.012190771742407043, -0.06916032903103264, 2.106132138314165, 0.004116950463339191]
[-0.03677829260166528, -0.20869848097033075, 2.092342041188967, 0.036829776503083354]
[-0.060489617493043366, -0.3428900271614895, 2.051535231347532, 0.09837430444419527]
[-0.08230842817518645, -0.4668492908074027, 1.985215535786954, 0.18045452303576995]
[-0.10156677606562795, -0.5759024443397307, 1.8958813621307231, 0.2716412827644432]
[-0.11339654984904883, 0.5237371075638411, 1.7869371021924616, 0.24897983407590157]
[-0.09405001566311116, 0.43438033751133237, 1.8959240574520904, 0.16922745002081996]
[-0.07067658932016806, 0.326151731778266, 1.9852187364353662, 0.09431907499898026]
[-0.04399150330972396, 0.20302731463086796, 2.0515642148065725, 0.03614653870434557]
[-0.015141503381838332, 0.0698812266931654, 2.092350324915901, 0.0041980465704361215]
[0.014844786236632553, -0.06850568074942087, 2.106125394770999, 0.004116950463339191]
[0.04485693220879494, -0.20702661522876628, 2.0923484789529208, 0.03682977650308332]
[0.07371056296834771, -0.34015827437557916, 2.0515244085288113, 0.0983743044441951]
[0.1003615353105667, -0.4632199694561399, 1.9852327263787646, 0.18045452303576975]
[0.12382291437057404, -0.5715876148265593, 1.895878895820939, 0.2716412827644431]
[-0.30324689080462347, 0.44210837519653456, 1.7867829627235108, 0.2489798340759018]
[-0.2515333077722816, 0.36671077178826866, 1.8957665593886146, 0.16922745002082012]
[-0.18889200454208532, 0.27536886650552767, 1.985141850347845, 0.09431907499898026]
[-0.11755383725102668, 0.1714092009812745, 2.051522490742665, 0.036146538704345615]
[-0.040464717254507246, 0.05900024173774619, 2.0923453748354657, 0.004198046570436129]
[0.03961201643793414, -0.05774953506050248, 2.106119079633878, 0.0041169504633391946]
[0.11972616073765567, -0.17454957980899724, 2.0923470998234346, 0.036829776503083354]
[0.1968812978604739, -0.2870195634372232, 2.0515479495795113, 0.09837430444419513]
[0.26804970823059066, -0.3908403874697827, 1.9852284062131502, 0.18045452303576992]
[0.33076974882847, -0.4822220938506724, 1.8958975097505162, 0.2716412827644434]
[-0.4477849142096697, 0.2945415884228264, 1.7868733383280258, 0.2489798340759018]
[-0.3715233196143072, 0.24431258019715663, 1.8957837237603425, 0.16922745002082018]
[-0.27888883005701653, 0.18340758963621825, 1.9851861016385204, 0.09431907499898039]
[-0.17371975865248862, 0.11427745638472414, 2.0515024451056574, 0.036146538704345615]
[-0.05988581119198656, 0.03938847359926061, 2.092320928645776, 0.0041980465704361215]
[0.05855186748152923, -0.03850298354353971, 2.106119647584736, 0.0041169504633391946]
[0.17683576116071695, -0.11631251452353081, 2.0923512717356627, 0.03682977650308337]
[0.2908249402594409, -0.19126218730796207, 2.051534896009053, 0.09837430444419518]
[0.3959862408254582, -0.2604544717094999, 1.9852175932454483, 0.18045452303577]
[0.488698046234441, -0.3213524996791956, 1.8958557690655096, 0.27164128276444327]
[-0.5258415562316601, 0.10330875968252627, 1.7869205238929533, 0.24897983407590168]
[-0.43629374355849, 0.08567081641851265, 1.8958391287320542, 0.16922745002082015]
[-0.32751634621333664, 0.064339921212004, 1.9851873284697261, 0.0943190749989803]
[-0.20409208257881764, 0.04010311216704921, 2.0514885737581907, 0.036146538704345615]
[-0.07005454103714462, 0.013755993485553397, 2.092363054028815, 0.004198046570436129]
[0.06886669284932695, -0.013525724749575916, 2.106123988287483, 0.004116950463339198]
[0.2077611709202057, -0.040794190850127546, 2.0923549794595235, 0.03682977650308337]
[0.34155380361792237, -0.06707085243835567, 2.051555834635152, 0.09837430444419527]
[0.4651541898688103, -0.09139195102746767, 1.9851737697518654, 0.18045452303577003]
[0.5737960756803444, -0.11272741333198398, 1.895850107340267, 0.2716412827644434]
[-0.5259945902738624, -0.10325532607468879, 1.786818052035608, 0.24897983407590135]
[-0.4360480209753782, -0.08567509834986152, 1.8959336472142094, 0.16922745002082]
[-0.3275178258326042, -0.06432958074437409, 1.9852159238597475, 0.09431907499898022]
[-0.20396380771805317, -0.04004586519003646, 2.0515265057866205, 0.03614653870434558]
[-0.0702286831389487, -0.013794352029398368, 2.092338134109701, 0.0041980465704361215]
[0.06894848306009252, 0.013534577825399921, 2.1061279535671322, 0.0041169504633391946]
[0.20770328176382075, 0.04078175055180563, 2.0923511050561996, 0.03682977650308334]
[0.3417222909355031, 0.0670845676922652, 2.05151244880568, 0.09837430444419518]
[0.46512883347579065, 0.09138903760969719, 1.9851907607763954, 0.18045452303576992]
[0.5737462417296632, 0.1127331238449064, 1.8959037965696763, 0.27164128276444316]
[-0.44780356941903626, -0.29452987535759934, 1.7868860048525792, 0.2489798340759014]
[-0.37143534144057966, -0.24427529933712253, 1.8958737638173941, 0.16922745002081985]
[-0.27877376717985985, -0.18334516724349034, 1.985228845802871, 0.09431907499898022]
[-0.1736712474724601, -0.11421903356758024, 2.0515287590263283, 0.03614653870434553]
[-0.05975340576010311, -0.03929955153217076, 2.092343603933, 0.004198046570436126]
[0.058661998145038266, 0.03858459615244729, 2.1061315709108945, 0.004116950463339191]
[0.17680768272216352, 0.11630397529069583, 2.0923611499521932, 0.03682977650308332]
[0.2906641521499508, 0.19119636374831858, 2.0515713509453013, 0.09837430444419513]
[0.39613495699583573, 0.2605681158370335, 1.9851816589549267, 0.18045452303576975]
[0.4886053385818848, 0.321355431450576, 1.8958927191981576, 0.2716412827644432]
[-0.30313807624137157, -0.4419025437871824, 1.7869368202001572, 0.24897983407590146]
[-0.2513490791033664, -0.3665447115617865, 1.8959213285694019, 0.16922745002082004]
[-0.18884664490566216, -0.2753137349289015, 1.9851619203368787, 0.09431907499898026]
[-0.11764945721718408, -0.17150988818477414, 2.0515005462552516, 0.03614653870434557]
[-0.04045393273202503, -0.05898553331080353, 2.092349010391341, 0.004198046570436129]
[0.03958361403409897, 0.05771561516997735, 2.1061202786407645, 0.004116950463339191]
[0.11975061514909009, 0.17459110909007378, 2.0923571771411322, 0.03682977650308332]
[0.19679046557060648, 0.28695032077175825, 2.0515568786341487, 0.09837430444419513]
[0.2680448642365091, 0.39081149014982325, 1.9852315987802904, 0.18045452303576984]
[0.3307889219517992, 0.4822109052755591, 1.8958451906614333, 0.27164128276444327]
[-0.11353888490330456, -0.5239679872621432, 1.7867571432292286, 0.24897983407590146]
[-0.09409427322972018, -0.4344841907877024, 1.895832753752161, 0.16922745002081996]
[-0.07063061382084658, -0.326217604895826, 1.9851925283995162, 0.09431907499898026]
[-0.04397147702042076, -0.20297141983193323, 2.0515825761977897, 0.03614653870434557]
[-0.015155681138186366, -0.06994156283017092, 2.0923416062346805, 0.004198046570436126]
[0.01485797046051457, 0.0685978718375967, 2.1061297738014413, 0.004116950463339191]
[0.044856188111784684, 0.2069824637826051, 2.09235537949811, 0.03682977650308332]
[0.07374700855707887, 0.34037600352770264, 2.0514938751332066, 0.09837430444419513]
[0.1004059668061476, 0.46337589760453, 1.9851724450862078, 0.18045452303576975]
[0.12381808610594983, 0.5713626886619547, 1.8959441839928624, 0.2716412827644432]
[0.09304898347762044, -0.5277661931387486, 1.7868873842244832, 0.24897983407590157]
[0.07714673870194547, -0.43772449100957933, 1.8958968442985564, 0.16922745002081996]
[0.057941872089011005, -0.3286936324055517, 1.9852002727601459, 0.09431907499898022]
[0.03607943590603009, -0.20462679594045438, 2.0515455806088347, 0.03614653870434558]
[0.01242373761612542, -0.07049519600346069, 2.0923342635766886, 0.004198046570436129]
[-0.012188842003018624, 0.06914896974830292, 2.106127348754567, 0.004116950463339191]
[-0.03677306622265671, 0.20861718314153233, 2.0923385248982247, 0.036829776503083354]
[-0.0604169061572027, 0.3428079681639583, 2.0515506438743136, 0.09837430444419518]
[-0.08236698338547267, 0.4669926558064289, 1.9851474270548022, 0.18045452303576984]
[-0.10152249206960032, 0.5760080116441016, 1.8958168988939506, 0.27164128276444316]
[0.04944235194930765, 0.2805246782529425, 1.8958794993428056, 0.1322882230055621]
[0.030223784952263653, 0.1713755135118321, 1.98521204686289, 0.06624764990635679]
[0.00832164930047803, 0.047194594400637606, 2.0515674563727067, 0.013595162666307099]
[-0.015339921989254107, -0.08697184939329064, 2.0923482231598873, -0.015343316567472856]
[-0.039877871671421074, -0.2262548528541373, 2.10613064602895, -0.013494157053452874]
[-0.06448563358940672, -0.36580468490260043, 2.0923590964642846, 0.021809154087228253]
[-0.08815875281754389, -0.5001803302776122, 2.05153384148466, 0.0883196317749018]
[-0.11001195245245116, -0.6242184773329233, 1.9851808636933546, 0.17909821677686824]
[-0.12923744914269436, -0.7331626987986919, 1.8958816614394771, 0.283434323150233]
[-0.14511542695961716, -0.8232960767036737, 1.786841163767596, 0.3883328938347831]
[-0.060298147655702586, 0.27829192621324633, 1.8958662911238295, 0.13228822300556198]
[-0.03681130298799749, 0.17000743509462354, 1.9852036659000083, 0.06624764990635663]
[-0.010202967784936151, 0.04711836918977307, 2.0515062731087466, 0.013595162666307075]
[0.01867947996715559, -0.08624521534251134, 2.0923400635902603, -0.015343316567472842]
[0.048668970039879994, -0.22471332948577546, 2.1061195292609534, -0.013494157053452874]
[0.07871380931384653, -0.3632808663994931, 2.0923155048572126, 0.021809154087228184]
[0.10749504932992869, -0.49626991621954064, 2.0515385276608162, 0.08831963177490174]
[0.13424786037718225, -0.6194758802152011, 1.9851892627884018, 0.17909821677686819]
[0.1577120484267708, -0.72775005472613, 1.8958116376278833, 0.28343432315023315]
[0.17699620347190564, -0.8171339859010582, 1.7868130364167236, 0.3883328938347828]
[-0.16106918223266536, 0.2348915047611959, 1.8958494947533218, 0.1322882230055621]
[-0.09838351363038098, 0.14342036709681596, 1.98522679694144, 0.06624764990635673]
[-0.02716298086330767, 0.03960367194842846, 2.051539030304782, 0.013595162666307099]
[0.04985985534362583, -0.07269854098241754, 2.09235502500676, -0.015343316567472856]
[0.12998425161770968, -0.18953966526704372, 2.1061262941530705, -0.013494157053452886]
[0.21020814730263085, -0.306466706398547, 2.092331267341329, 0.021809154087228222]
[0.2872614192088488, -0.4187671638770911, 2.051525675264975, 0.08831963177490174]
[0.35855819419393964, -0.5227606060993746, 1.9851538153060693, 0.1790982167768684]
[0.4211038016593211, -0.6139738557738224, 1.8958487496857306, 0.28343432315023354]
[0.4727622584947202, -0.689405789988192, 1.786856256428113, 0.3883328938347831]
[-0.23790855812640715, 0.1564841592146263, 1.8958939533810677, 0.1322882230055621]
[-0.14548064441089342, 0.09568849803509993, 1.985177998467565, 0.06624764990635676]
[-0.04025955379551552, 0.026483598605866666, 2.0515366586713313, 0.013595162666307087]
[0.07370185372203668, -0.04847822166314161, 2.092339840671606, -0.015343316567472856]
[0.1920326023614235, -0.12632252223933155, 2.1061287800042887, -0.013494157053452886]
[0.31044068371161937, -0.20415743022257762, 2.092337059888758, 0.021809154087228205]
[0.42420642407632797, -0.27905162342642825, 2.0515474391567357, 0.0883196317749018]
[0.529374439255664, -0.34821784669138744, 1.9852494727763659, 0.1790982167768684]
[0.622009060283923, -0.40916802182884365, 1.8958852280794236, 0.28343432315023354]
[0.6984376301053358, -0.45933256529359967, 1.7868620261502162, 0.38833289383478303]
[-0.2793936268853003, 0.05489546827874249, 1.8958971814565235, 0.13228822300556214]
[-0.17075124704365724, 0.03351867610766294, 1.9852206539725714, 0.06624764990635676]
[-0.04720717620803507, 0.009268179139849859, 2.0515509152454037, 0.013595162666307111]
[0.0864527033629781, -0.016983400369095118, 2.09234166725291, -0.01534331656747287]
[0.22572574262765832, -0.04430772132643736, 2.1061199169038245, -0.013494157053452886]
[0.36437064843030154, -0.07152417333344595, 2.09237653289445, 0.021809154087228205]
[0.4983189009984847, -0.09785725233437101, 2.051532795578685, 0.0883196317749018]
[0.6219254023831867, -0.12219785478207147, 1.9851857164189435, 0.17909821677686846]
[0.7304970162128976, -0.14348796245646386, 1.8959192046056215, 0.28343432315023354]
[0.8204021682696683, -0.16105644199882063, 1.7867835071355649, 0.3883328938347829]
[-0.27932219768480554, -0.05483004792624177, 1.89591203007833, 0.13228822300556203]
[-0.17078182937654857, -0.03354525596549787, 1.9851858599819383, 0.06624764990635673]
[-0.04718391894726642, -0.009271402399548434, 2.05154986834433, 0.013595162666307111]
[0.08643273527177128, 0.0169671528598412, 2.092340921788936, -0.015343316567472842]
[0.2254240514583085, 0.04427924066355467, 2.106130275397045, -0.013494157053452874]
[0.36445863087622193, 0.07154798130309237, 2.0923596805929523, 0.021809154087228184]
[0.49815797360634917, 0.09782740253203277, 2.051577938403145, 0.0883196317749018]
[0.6217051857145471, 0.12212698124936704, 1.985279355595245, 0.17909821677686832]
[0.7305455167772021, 0.14346264433881353, 1.8958740171311548, 0.2834343231502333]
[0.8202357345165636, 0.16116876018331314, 1.7869039979623027, 0.3883328938347825]
[-0.2378133939925052, -0.15643434686682023, 1.8959245132768388, 0.1322882230055621]
[-0.1452200643453643, -0.09552392868149479, 1.9852784617045418, 0.06624764990635666]
[-0.04004607250286352, -0.02633420381882801, 2.0515761420256493, 0.013595162666307075]
[0.07369782658730334, 0.04846282054789375, 2.092341554552951, -0.015343316567472842]
[0.19210525621548424, 0.12637019751108938, 2.106118914623536, -0.013494157053452874]
[0.31025575366398694, 0.20406392119185965, 2.092373550874865, 0.021809154087228215]
[0.4242923082331694, 0.2790095445895971, 2.0515314176025816, 0.08831963177490161]
[0.5295191926136792, 0.3482973413648824, 1.9851833166246353, 0.17909821677686832]
[0.6222062626220513, 0.4091608270691561, 1.8957705666870843, 0.2834343231502329]
[0.6984912374866612, 0.4593152490339522, 1.7868875328255565, 0.38833289383478264]
[-0.1611004506552901, -0.23491054444036696, 1.8958760096195983, 0.1322882230055621]
[-0.09838610527999012, -0.14343136643720944, 1.985252666499342, 0.06624764990635666]
[-0.027243945368326385, -0.03971936968839927, 2.051536728825241, 0.013595162666307099]
[0.04989628778511242, 0.07274949794712766, 2.0923532369193047, -0.015343316567472842]
[0.13011879477647684, 0.18968165284877583, 2.10611736788325, -0.013494157053452874]
[0.2100736466688311, 0.3062819146996772, 2.092365782599829, 0.021809154087228232]
[0.28732113054989816, 0.4188665709526209, 2.0515039727021915, 0.0883196317749017]
[0.3584152936326269, 0.5226050489682522, 1.985217035970614, 0.17909821677686827]
[0.4211799384452307, 0.6140517121072999, 1.8958205459187847, 0.2834343231502331]
[0.47292351301342, 0.6894453961634759, 1.7868087027164958, 0.3883328938347827]
[-0.060282582028150455, -0.2782778766574138, 1.8959068971457735, 0.1322882230055621]
[-0.03682333223725906, -0.17003546750971799, 1.9851958641576974, 0.06624764990635663]
[-0.01017625250419775, -0.04697195257961616, 2.0515522166902365, 0.013595162666307075]
[0.018699974664823586, 0.08631847531347786, 2.0923530008738718, -0.015343316567472842]
[0.04869872312930195, 0.22471486651980646, 2.106125028018331, -0.013494157053452874]
[0.07866118006935728, 0.36320255460665135, 2.0923293740489144, 0.021809154087228205]
[0.10752396316590501, 0.496263787618467, 2.0515562274986174, 0.08831963177490174]
[0.134175056263382, 0.6195108683447695, 1.9851675378381437, 0.17909821677686819]
[0.15766139713829996, 0.727494717559565, 1.8959338450695002, 0.28343432315023315]
[0.17704650653867604, 0.8170292342725026, 1.7868839654130437, 0.3883328938347826]
[0.049497915586379296, -0.28057143683901187, 1.8958236349904312, 0.1322882230055621]
[0.030204565213051822, -0.17135089875513818, 1.9851876015059091, 0.06624764990635673]
[0.008351954694685207, -0.04734474185443066, 2.0515200418225024, 0.013595162666307099]
[-0.015330574302472085, 0.0869632246799854, 2.0923563037783977, -0.015343316567472856]
[-0.039898288816551386, 0.2263830116218026, 2.1061230025474695, -0.013494157053452874]
[-0.06451018106898238, 0.3657371944964591, 2.092368446954083, 0.021809154087228264]
[-0.08817207115098404, 0.5002891692148059, 2.0514918654766445, 0.08831963177490178]
[-0.11006174125631218, 0.6242729543245633, 1.9851501396189442, 0.17909821677686816]
[-0.12923427441622587, 0.7331705968959942, 1.895861634691926, 0.2834343231502331]
[-0.14511906769602972, 0.8234561424469179, 1.786750406728382, 0.3883328938347828]
[0.0029827365368258318, 0.01691410269244005, 1.9544383089894999, 0.008025078821129909]
[-0.018882144943983745, -0.10709346977501552, 2.0207463013498073, -0.04135650580745581]
[-0.042525280068163064, -0.24113920427589838, 2.0615694513792326, -0.06922758254656956]
[-0.06717677569658453, -0.3807920578059209, 2.075331711623712, -0.06723592885650133]
[-0.09171052480471635, -0.520258492686622, 2.0615550499649955, -0.031010587852627298]
[-0.11537516987140259, -0.6543905651982286, 2.0207891126553443, 0.03901386081333792]
[-0.13732548909085698, -0.7784040937494535, 1.954453557973957, 0.1374764073436876]
[-0.15646857161581723, -0.887502429460804, 1.8651439296644292, 0.2546970069061012]
[-0.17229437412040416, -0.9776682217460909, 1.7560520352714715, 0.3779291189357474]
[-0.18444422189515514, -1.0454620643070986, 1.6313723351806328, 0.4930782757872222]
[-0.0036762835292065647, 0.01696466528242003, 1.9544379810310843, 0.008025078821129909]
[0.02297374607560876, -0.10604566809830754, 2.02074484702525, -0.04135650580745589]
[0.05189268102600823, -0.23947974697234703, 2.0615654637046092, -0.06922758254656962]
[0.08184013461013015, -0.3779744787371673, 2.075332221139919, -0.06723592885650136]
[0.1118510101328921, -0.5161885030767664, 2.0615886331483404, -0.03101058785262741]
[0.1407301019388172, -0.6495831560989153, 2.020724038847443, 0.03901386081333799]
[0.1674293134368439, -0.7725883776683327, 1.9544213341121393, 0.13747640734368785]
[0.19085913910520308, -0.880847157049198, 1.8650864798434519, 0.25469700690610125]
[0.2102017893642135, -0.970166725503777, 1.7560833580488644, 0.37792911893574754]
[0.22468928017149936, -1.0374399841080044, 1.6314919662608671, 0.49307827578722213]
[-0.009759681850639627, 0.014232504799828419, 1.954408030884715, 0.008025078821129909]
[0.061456443060094026, -0.0895947540405857, 2.0207348869924866, -0.041356505807455854]
[0.13847819413308532, -0.20189687624630337, 2.061567914312342, -0.06922758254656962]
[0.21861547410823326, -0.3187681640232349, 2.0753517982450687, -0.06723592885650138]
[0.2989326992587988, -0.4357728943341698, 2.0615196083044025, -0.031010587852627326]
[0.3759963498744005, -0.5481762360900839, 2.0206963743749133, 0.03901386081333798]
[0.44711898132972644, -0.6519997033848296, 1.9543829846420893, 0.13747640734368752]
[0.5099221329180219, -0.7433438433271127, 1.8649712549068553, 0.2546970069061013]
[0.561432812046634, -0.8187092100460762, 1.756103103636117, 0.3779291189357474]
[0.6003171629018322, -0.8753677032112919, 1.6315234723321281, 0.4930782757872223]
[-0.014309125296937834, 0.009413276991829256, 1.954474918423945, 0.008025078821129895]
[0.09068232668787529, -0.05965399845025246, 2.0207214232231188, -0.041356505807455854]
[0.20477348114414598, -0.13468477753809394, 2.0615726512580927, -0.06922758254656962]
[0.32313151234670295, -0.21248378999235215, 2.0753315082988575, -0.06723592885650133]
[0.44125933284898355, -0.29022872597185284, 2.061591141687033, -0.031010587852627367]
[0.5553592888820631, -0.36526956794861426, 2.020703943745545, 0.03901386081333792]
[0.660590848641914, -0.43454379864921044, 1.9543218321119746, 0.13747640734368757]
[0.7528954300324784, -0.4952838441592001, 1.8651036327948158, 0.2546970069061013]
[0.829319014853924, -0.5455052233313537, 1.7561553409240536, 0.37792911893574777]
[0.8868143151831946, -0.5833748847838639, 1.6314650142442975, 0.4930782757872223]
[-0.01690569365498091, 0.003321061778319605, 1.9544118298589934, 0.008025078821129895]
[0.10673412553414004, -0.020965580705396503, 2.020761747384966, -0.04135650580745589]
[0.24025373703320171, -0.04715966410711145, 2.061566164448133, -0.06922758254656962]
[0.3795259907596755, -0.07456888670799171, 2.0753251235214245, -0.06723592885650136]
[0.5184380765748187, -0.10186176850886691, 2.061542183899974, -0.031010587852627423]
[0.652085720620791, -0.12800410562453315, 2.0207694127043205, 0.039013860813338117]
[0.7758016141008517, -0.15243851302241426, 1.9543585325195525, 0.13747640734368766]
[0.8843866206011362, -0.17365968352726013, 1.8650870348724553, 0.2546970069061014]
[0.9742127714891887, -0.19124814041512983, 1.7560493984418764, 0.3779291189357478]
[1.0415374962227364, -0.20448726241249557, 1.6315068383385707, 0.49307827578722246]
[-0.01702027323134577, -0.00334436937741674, 1.95444526284088, 0.008025078821129886]
[0.10647265668706432, 0.02090519292851427, 2.020718981890674, -0.041356505807455854]
[0.24044014739561936, 0.04722266349380042, 2.061555294800995, -0.06922758254656962]
[0.37931360927276386, 0.07452186566944899, 2.0753526764159678, -0.06723592885650133]
[0.518276335409674, 0.10177997538725338, 2.0615867030701507, -0.03101058785262741]
[0.6520520057440667, 0.1279928674619736, 2.0207830318650934, 0.03901386081333813]
[0.7757497446293341, 0.15242996581248106, 1.9543811936227902, 0.13747640734368763]
[0.8844485405069591, 0.1736697281644803, 1.8650545932440115, 0.25469700690610125]
[0.9740811036807177, 0.19129504164152955, 1.7561320244876129, 0.37792911893574754]
[1.041539454488532, 0.20451495408901854, 1.6314945293436482, 0.49307827578722224]
[-0.014487711473097215, -0.009528801836096848, 1.954444092531287, 0.008025078821129886]
[0.0906993136572106, 0.05964276956010807, 2.0207607382720254, -0.041356505807455854]
[0.20454177726996872, 0.13455051420421696, 2.0615623006365764, -0.06922758254656956]
[0.3229638533823272, 0.21242058645999648, 2.075358585204656, -0.06723592885650126]
[0.44135076775489945, 0.29031536600563496, 2.061561693535392, -0.031010587852627395]
[0.5553188359104615, 0.3652605871192707, 2.0207205904153716, 0.03901386081333796]
[0.6605560773255194, 0.4344636631239296, 1.9543689056147822, 0.1374764073436876]
[0.7530190648867888, 0.4951632269641869, 1.8651080588221514, 0.2546970069061012]
[0.8293912843910415, 0.5454344332643719, 1.7561090856988062, 0.37792911893574754]
[0.8867762834277053, 0.5832464483885936, 1.6315911550312765, 0.49307827578722185]
[-0.009865893149286618, -0.014387007287299185, 1.954387399011877, 0.008025078821129879]
[0.06155808578270903, 0.0897360405625333, 2.0207715204160603, -0.04135650580745581]
[0.13863832347189317, 0.2021626537848744, 2.0615660567638208, -0.06922758254656959]
[0.21856985282245986, 0.31871320616962834, 2.0753547864935866, -0.06723592885650133]
[0.29883626900718907, 0.43567320718780395, 2.061551233984402, -0.031010587852627326]
[0.37591765967905194, 0.548108537435652, 2.020733467492196, 0.039013860813338026]
[0.44716547210223356, 0.6518744841233792, 1.9544128741757139, 0.1374764073436877]
[0.5098305513075704, 0.7432177121535243, 1.865084745489499, 0.25469700690610136]
[0.5615901188982995, 0.8187715907037951, 1.7559634328489055, 0.37792911893574754]
[0.6002712727945928, 0.875402810461421, 1.6315331497539771, 0.4930782757872224]
[-0.003619410560426568, -0.016706919833883074, 1.9544747943373024, 0.008025078821129902]
[0.023029345701452236, 0.10629702603019159, 2.0207632009908867, -0.04135650580745581]
[0.05180275063019854, 0.23923399198654477, 2.0615608652051978, -0.06922758254656962]
[0.08181273321993711, 0.3777899875166028, 2.0753524812742, -0.06723592885650133]
[0.11178322401193665, 0.5161506771833523, 2.0615952805309132, -0.031010587852627395]
[0.14074259675588321, 0.6495624690286453, 2.020730075746816, 0.03901386081333798]
[0.16739372559424606, 0.7725148585581273, 1.9544430325219908, 0.13747640734368763]
[0.19091103934072584, 0.8809195547003188, 1.8650344256044646, 0.25469700690610103]
[0.21019136608788513, 0.9703795872218574, 1.7559442690085652, 0.37792911893574743]
[0.22480615666833048, 1.0374948257733014, 1.6314252647509582, 0.49307827578722196]
[0.0029736899898386623, -0.016859626633030173, 1.9544641230916084, 0.008025078821129909]
[-0.018882605554854354, 0.10707182406309651, 2.0207714030310915, -0.0413565058074558]
[-0.04249166242171494, 0.24112316078730223, 2.0615708781025437, -0.06922758254656954]
[-0.06712621236715191, 0.3806720101128276, 2.075347394409145, -0.0672359288565013]
[-0.09171317453252475, 0.5200730999743719, 2.0616027836063244, -0.031010587852627284]
[-0.11537469600640195, 0.6546358716785091, 2.020699195820616, 0.03901386081333801]
[-0.1372619554329759, 0.7784926019172617, 1.954418938047577, 0.13747640734368746]
[-0.15647932548776555, 0.887673510276032, 1.8650160773316526, 0.254697006906101]
[-0.17242929755313113, 0.9777177609060612, 1.7560509286793584, 0.3779291189357474]
[-0.1843107731417124, 1.045418873063988, 1.6314519063007076, 0.49307827578722174]
[-0.04450874647260005, -0.2525600480874152, 1.960353806146689, -0.1191510504009918]
[-0.06820287249556876, -0.3867861512150764, 2.0011610953957573, -0.14955100417250192]
[-0.09284911922111982, -0.5263307615110027, 2.014954342991257, -0.1510441873756447]
[-0.11733023489940239, -0.6657899862061605, 2.0011900771885918, -0.11758587636655733]
[-0.141117446995866, -0.8000399873267018, 1.960373566667978, -0.04769456571859237]
[-0.16302967459860543, -0.9242360434085685, 1.8939346324344533, 0.05508607687501267]
[-0.1820916760403157, -1.0331602782560287, 1.8046969796144499, 0.18245724623224818]
[-0.19800666995145072, -1.123322526482673, 1.6956214735314485, 0.3223365231560579]
[-0.21004394330004278, -1.1910457200904203, 1.571016599912054, 0.46039635920365735]
[-0.2175383225807515, -1.2337847794827526, 1.4355763528279877, 0.5819505893259328]
[0.05432584186289869, -0.25068253704642307, 1.9603241640373812, -0.1191510504009918]
[0.0831711893248064, -0.38389865889388786, 2.001178294430747, -0.149551004172502]
[0.11318227961734302, -0.5223826078898173, 2.014919458493652, -0.15104418737564473]
[0.14319431851572414, -0.6608371469809058, 2.001146765268005, -0.11758587636655744]
[0.17207329988312303, -0.7940672643174782, 1.9603151942945978, -0.047694565718592326]
[0.1986873624747804, -0.9170115023921058, 1.8940594898691332, 0.055086076875012865]
[0.2220639840823514, -1.0255058452809915, 1.8045679779131758, 0.18245724623224818]
[0.24148471424325998, -1.1146776420083677, 1.6957507179133338, 0.3223365231560578]
[0.2560030481388298, -1.1819748085079749, 1.571050955297888, 0.4603963592036572]
[0.2651374138723853, -1.2243813595107271, 1.4355999495443994, 0.5819505893259334]
[0.1451942914093403, -0.21168259397160227, 1.9603468781707296, -0.11915105040099169]
[0.2222027678780684, -0.3239290957850037, 2.001141358200988, -0.14955100417250192]
[0.30238377544522, -0.4408255802413201, 2.0148972588750143, -0.15104418737564468]
[0.3823467625836038, -0.5575834724145341, 2.001175898192146, -0.11758587636655744]
[0.4595397223126822, -0.6699427484660365, 1.9603633341507105, -0.0476945657185923]
[0.53066335188332, -0.7738299500344104, 1.8940511523212913, 0.055086076875012935]
[0.5933917754778065, -0.8650422991600215, 1.804777368096436, 0.1824572462322486]
[0.6450104400180477, -0.940630465253471, 1.695733216653887, 0.3223365231560583]
[0.6841720413653718, -0.9973547579574387, 1.570924589676282, 0.4603963592036571]
[0.7084731671019033, -1.0331814289634313, 1.4356231097298948, 0.5819505893259331]
[0.21438711111345912, -0.14097798896673402, 1.9603308044931078, -0.1191510504009918]
[0.32803942059796676, -0.2157858694176208, 2.001163928803932, -0.14955100417250192]
[0.44652102407528166, -0.2937362968798915, 2.0149470263256957, -0.15104418737564473]
[0.5648073842842329, -0.37147838148075046, 2.001190547065626, -0.11758587636655744]
[0.6787363167098681, -0.4463432907132004, 1.9603919876807543, -0.04769456571859237]
[0.7839631742726921, -0.5156029286756496, 1.8940436613866236, 0.055086076875012865]
[0.8765669485809229, -0.5764918961882881, 1.8046609851164561, 0.18245724623224854]
[0.9529989317080148, -0.6267638913076595, 1.6956507558038596, 0.3223365231560583]
[1.010269380175582, -0.6645834764486452, 1.5711980512432344, 0.4603963592036575]
[1.046632948812907, -0.6883968060609116, 1.4356838790004678, 0.5819505893259328]
[0.25158862778244473, -0.04942294154384262, 1.9603470264611615, -0.1191510504009918]
[0.38551046053291266, -0.07571544992087179, 2.001160500329128, -0.14955100417250206]
[0.5244324490157983, -0.10296247878932378, 2.014939627697317, -0.1510441873756448]
[0.6633406465637057, -0.13023699512939224, 2.001196591927973, -0.11758587636655744]
[0.7972718943642374, -0.15652816941692696, 1.960323833023062, -0.04769456571859247]
[0.9206918126355109, -0.18090503494591922, 1.8940582331317788, 0.05508607687501313]
[1.0295822092088442, -0.20218772212334385, 1.8045990051497083, 0.18245724623224865]
[1.1193429516235787, -0.21972324604645482, 1.695595637780926, 0.3223365231560586]
[1.186619831209224, -0.23302530928814993, 1.5711370466097876, 0.4603963592036577]
[1.229331535122854, -0.24130954133717603, 1.4355463645185866, 0.581950589325933]
[0.25166088240586715, 0.04942839863228575, 1.96035100715721, -0.11915105040099175]
[0.3853925967204347, 0.0756525320942331, 2.001153639973426, -0.149551004172502]
[0.5244497980637391, 0.10303372968276062, 2.01494972664348, -0.15104418737564476]
[0.6634448307619006, 0.13024380130709143, 2.001169938192415, -0.11758587636655739]
[0.7972537042491313, 0.15651298199178088, 1.9603336445242951, -0.04769456571859239]
[0.9206862305835879, 0.18084954176803109, 1.894070551122721, 0.05508607687501298]
[1.0295178421577829, 0.20208826193961082, 1.804663639034688, 0.18245724623224835]
[1.1193351590927139, 0.21976037432739948, 1.695592748366256, 0.3223365231560585]
[1.186645228242653, 0.2331388714704663, 1.5711188162199565, 0.4603963592036569]
[1.229289189489033, 0.2415300566815535, 1.435606056704937, 0.5819505893259328]
[0.21434296993388655, 0.14098634249985634, 1.9603442331378678, -0.11915105040099169]
[0.32828735721696667, 0.21592798298995936, 2.0011365017073746, -0.14955100417250192]
[0.44641702526578936, 0.2935654161976629, 2.014965225955414, -0.15104418737564468]
[0.5648965240648751, 0.37152110771631663, 2.00115716443852, -0.11758587636655739]
[0.6788186954214217, 0.4464215407356513, 1.96033910584861, -0.04769456571859237]
[0.78401693642531, 0.515616688231964, 1.8940096560608444, 0.05508607687501301]
[0.8765775982024188, 0.576411794494251, 1.8047007562435182, 0.18245724623224854]
[0.953006889795441, 0.6268539298118857, 1.6956140457239541, 0.3223365231560582]
[1.0103189046779222, 0.6645510771565909, 1.5711467850607033, 0.46039635920365685]
[1.0466708842884982, 0.6884017072264538, 1.4355753711243358, 0.5819505893259328]
[0.14510649206977197, 0.21161027042611866, 1.9603154015373077, -0.11915105040099169]
[0.22220036553947192, 0.32390982805204493, 2.001165052595822, -0.14955100417250203]
[0.3023685457255788, 0.44094206271408104, 2.0148991770051086, -0.15104418737564468]
[0.3824878597702905, 0.5577837571536322, 2.001089052770118, -0.11758587636655744]
[0.4595117717853154, 0.6698915092543024, 1.9603889833028674, -0.04769456571859239]
[0.5307414427672034, 0.7738538088714694, 1.8940156654190914, 0.055086076875012865]
[0.5934062296514858, 0.8650990638272728, 1.8047318166620963, 0.18245724623224835]
[0.6452418042977572, 0.9406223278491009, 1.6955904784834217, 0.32233652315605804]
[0.6840231145360933, 0.9973738123286429, 1.5710529730512948, 0.4603963592036572]
[0.7086874409130323, 1.0330970210699266, 1.4356003300172937, 0.5819505893259329]
[0.05426091415756321, 0.2506009204172762, 1.9603521917867228, -0.11915105040099175]
[0.08318425908769067, 0.3840539149034964, 2.0011397025407636, -0.14955100417250206]
[0.11316071164950194, 0.5222853091779474, 2.014952987794953, -0.15104418737564473]
[0.14310577846791384, 0.6609510069644217, 2.0011149240354036, -0.11758587636655744]
[0.172043039877149, 0.7939813547214056, 1.9603644847056128, -0.047694565718592326]
[0.19859780385193282, 0.9171756775656397, 1.8939765655226923, 0.055086076875012865]
[0.22208768389754205, 1.0253690315852528, 1.8046519727369095, 0.18245724623224818]
[0.2415477060981709, 1.1148830379626233, 1.6955188388697369, 0.32233652315605804]
[0.25612956682430515, 1.182018349452999, 1.5709813569068678, 0.46039635920365696]
[0.26531696168003627, 1.2243161820634663, 1.4356814394011628, 0.581950589325933]
[-0.04451062373918717, 0.2525110091422475, 1.9603490412001383, -0.1191510504009918]
[-0.06823010646169059, 0.38692850745088525, 2.0011661406877455, -0.14955100417250192]
[-0.09277918462796146, 0.5264363018909761, 2.014912296806351, -0.1510441873756447]
[-0.1173420556020457, 0.6656992292860657, 2.0012000400819674, -0.11758587636655733]
[-0.1410893303961041, 0.7999989637020891, 1.9603914902615287, -0.0476945657185923]
[-0.16283938011844604, 0.9239980026935486, 1.894095117348963, 0.05508607687501267]
[-0.1822529889378306, 1.0331417169078985, 1.8046962445054837, 0.18245724623224818]
[-0.1980000889109305, 1.1233663157761682, 1.6955858649115048, 0.3223365231560579]
[-0.2099648734374312, 1.1909142525568683, 1.5711750558842097, 0.46039635920365696]
[-0.2175432504296398, 1.2338934801991182, 1.435369737736228, 0.5819505893259328]
[-0.09141921042004958, -0.5184793919067996, 1.913344670589365, -0.24447241058504238]
[-0.11595410312858073, -0.6579523526969273, 1.9271033484721813, -0.25427970066142425]
[-0.1406355997466259, -0.7973376217402229, 1.9133487868272245, -0.22878739813483218]
[-0.16418600864030466, -0.9314993482364511, 1.8726080506190381, -0.16450557084563375]
[-0.18609527791180805, -1.0554782625998902, 1.8062925212423773, -0.06292061868615405]
[-0.20539198707431255, -1.1645109660733446, 1.7169953075338114, 0.06942326487704138]
[-0.22130184189228644, -1.254692280148237, 1.6078801157687608, 0.22157584473521288]
[-0.23330766564354022, -1.3223846248755045, 1.4833065355748285, 0.3794810020839009]
[-0.24068257228421358, -1.3652231980143226, 1.347729694852575, 0.5277443983494843]
[-0.24364062985592747, -1.3814747835153487, 1.2064738403807573, 0.6516180666286976]
[0.11145232408818145, -0.5144665302508036, 1.913363159253504, -0.24447241058504254]
[0.14140433297379504, -0.6529442237752858, 1.9271147364407017, -0.2542797006614243]
[0.17145657806591788, -0.7913603958524182, 1.9133251242445561, -0.22878739813483237]
[0.20030671807126485, -0.9243994996771794, 1.8726038177790816, -0.16450557084563372]
[0.22697329470290611, -1.0474572430172373, 1.8062873587408088, -0.06292061868615399]
[0.2504709313367146, -1.1557561633540356, 1.7169035127949113, 0.06942326487704181]
[0.26970481414569325, -1.2451558072700322, 1.6079369888386268, 0.22157584473521344]
[0.2842865996595387, -1.312385942395389, 1.4833082500681527, 0.37948100208390084]
[0.29359143178013464, -1.3548504802223011, 1.3477451328899934, 0.5277443983494846]
[0.29692282863701835, -1.3709847517470484, 1.2065084975531992, 0.6516180666286977]
[0.297624915223593, -0.4340301261807518, 1.9133754840025672, -0.24447241058504232]
[0.3778396833064349, -0.5508513360524621, 1.9271111489841823, -0.2542797006614243]
[0.45787968146557395, -0.6675284530245591, 1.9134095052575077, -0.22878739813483207]
[0.5349102552067705, -0.7800363139849802, 1.872612900397979, -0.1645055708456336]
[0.6062985019157927, -0.883855609414151, 1.806246989111858, -0.06292061868615388]
[0.6688256225456335, -0.9753323073408667, 1.7168755284440198, 0.06942326487704172]
[0.7206725987022513, -1.0505689355938281, 1.6079744039787824, 0.2215758447352132]
[0.7593991688390606, -1.1074132953660836, 1.4833340696587942, 0.37948100208390106]
[0.7841572140909103, -1.1431422601324606, 1.3477793189960026, 0.5277443983494843]
[0.7934656926319616, -1.1568200158939337, 1.206387378117827, 0.6516180666286979]
[0.43975689403335033, -0.2891769673995181, 1.9133574472667443, -0.24447241058504232]
[0.5580058320565381, -0.36700148533278953, 1.9271868614841212, -0.25427970066142425]
[0.6763848818522704, -0.4447816736357083, 1.9134096925722985, -0.22878739813483207]
[0.7902532732069201, -0.5197978191421145, 1.8725797899354137, -0.16450557084563372]
[0.8954456600589497, -0.5889350138155776, 1.8062901683703605, -0.06292061868615383]
[0.9879846646766725, -0.6497159396659884, 1.7170102596524544, 0.06942326487704159]
[1.0645057653939476, -0.7001301048164428, 1.6078505207075084, 0.22157584473521333]
[1.121833024424411, -0.7378782129534183, 1.4834001804279249, 0.37948100208390095]
[1.158103324509459, -0.7618475397843733, 1.3478200844479535, 0.5277443983494841]
[1.1720008103363189, -0.7708325119457368, 1.206417616053311, 0.6516180666286979]
[0.5163877167531972, -0.10144054485314588, 1.9134147780330686, -0.24447241058504254]
[0.655472433529503, -0.12866578995987396, 1.9271237093228255, -0.2542797006614244]
[0.7943135436989962, -0.15595277030192248, 1.9134343771787803, -0.22878739813483237]
[0.9282916278375799, -0.18237992407783973, 1.8724894270239831, -0.16450557084563372]
[1.0516948669903026, -0.20659359773889174, 1.8062682296966934, -0.0629206186861538]
[1.1605519228844834, -0.2279093464284307, 1.7167879554757641, 0.06942326487704159]
[1.2501636596354675, -0.2454661906885442, 1.607913633660836, 0.22157584473521305]
[1.3175506005758795, -0.2588179734099386, 1.4834286549388178, 0.3794810020839013]
[1.3602596686436448, -0.26726119303864004, 1.3478306743861928, 0.5277443983494843]
[1.376519888738955, -0.27026487067003, 1.2063698535373542, 0.6516180666286984]
[0.5164393543855046, 0.10143450959534098, 1.9134002320571197, -0.24447241058504254]
[0.655605880307941, 0.12869588801503354, 1.9271074378745994, -0.2542797006614244]
[0.794598315863611, 0.15601745052870716, 1.9133035590648488, -0.22878739813483237]
[0.9280457865348951, 0.18227750972416637, 1.8726368557924065, -0.16450557084563372]
[1.0516173655279164, 0.20662957264506987, 1.8063109510981625, -0.0629206186861538]
[1.1604697972120406, 0.22785026585461066, 1.7168662832468893, 0.06942326487704166]
[1.2502199408368202, 0.24556612915526352, 1.6078278937506492, 0.22157584473521305]
[1.317746436696906, 0.25869727819514826, 1.483180026560706, 0.3794810020839012]
[1.360322944197851, 0.26709982761236084, 1.3477633366689326, 0.5277443983494843]
[1.3764797363746724, 0.270227023505186, 1.2065115264722828, 0.651618066628698]
[0.43963012125537515, 0.28917795674141594, 1.913418539716961, -0.24447241058504218]
[0.5580473592265318, 0.3671130695654751, 1.9271695149576438, -0.2542797006614241]
[0.676482369194027, 0.4448812435601077, 1.913353050010089, -0.22878739813483207]
[0.7902002364655748, 0.5196939599856739, 1.8726369120995419, -0.1645055708456335]
[0.8955612544387543, 0.5891378206572608, 1.806138146182351, -0.06292061868615388]
[0.9880838447553548, 0.6497346632170959, 1.7169283038268868, 0.06942326487704184]
[1.064449190639162, 0.7001497096989453, 1.6078978312096306, 0.2215758447352133]
[1.1218254587438317, 0.7379203050146939, 1.483345536464983, 0.37948100208390034]
[1.1582135949184482, 0.7618335869212564, 1.3477695196745005, 0.5277443983494843]
[1.1720747810542913, 0.7708529935179164, 1.206364886618588, 0.6516180666286975]
[0.2976670879721406, 0.4340835489217513, 1.913375463137353, -0.2444724105850422]
[0.3777980698430097, 0.5509217550118412, 1.9271366104159409, -0.2542797006614243]
[0.4578060891646558, 0.6676405777520066, 1.9134098888804516, -0.22878739813483212]
[0.5351216672738244, 0.7801018681074618, 1.872520060222117, -0.16450557084563358]
[0.6062898804059019, 0.8840023004765002, 1.80616084748027, -0.06292061868615383]
[0.6690149173136828, 0.9752601479498252, 1.7168344722677678, 0.06942326487704138]
[0.7205440874117847, 1.0506462132863443, 1.6079687445675568, 0.221575844735213]
[0.7595090720725024, 1.1075069797569532, 1.4831593955647158, 0.3794810020839008]
[0.7840424050166405, 1.143222977720343, 1.3478022049685778, 0.5277443983494844]
[0.7935324066881027, 1.1568324523430447, 1.20627735571246, 0.6516180666286976]
[0.11143457277063672, 0.5144363527657095, 1.9133634095695928, -0.24447241058504243]
[0.14149058006852686, 0.6529788561020469, 1.9271070853597636, -0.25427970066142425]
[0.17146406950232942, 0.7913732517251213, 1.9133228759529568, -0.2287873981348323]
[0.2002610659760561, 0.9244502563027457, 1.8725824096702308, -0.16450557084563372]
[0.22699142290291943, 1.0474765612424426, 1.806266855235793, -0.06292061868615385]
[0.25042209374552155, 1.155756427148664, 1.7169200577260848, 0.06942326487704178]
[0.2696938017006393, 1.2452659455744075, 1.6078009285692794, 0.22157584473521313]
[0.2844056906490355, 1.3123972384324276, 1.4832442913421713, 0.3794810020839012]
[0.293378013046847, 1.3549120374348085, 1.3476892815960784, 0.5277443983494845]
[0.2970689530154247, 1.3709991955505183, 1.2064035660352956, 0.6516180666286977]
[-0.09138000701269046, 0.5182512327710511, 1.9134212633881682, -0.24447241058504232]
[-0.11593618366461729, 0.6577318285204512, 1.927188131192679, -0.2542797006614242]
[-0.14050434745218435, 0.7973036776473079, 1.9133846202862654, -0.22878739813483207]
[-0.16431144670493278, 0.9315727991326668, 1.8725529480296164, -0.16450557084563358]
[-0.18609391637972086, 1.055544819985247, 1.8062410863713756, -0.06292061868615396]
[-0.205356796423124, 1.164714407984247, 1.7168264151628414, 0.06942326487704144]
[-0.2212145255178452, 1.2546759552443536, 1.6079448658710749, 0.22157584473521286]
[-0.23319020515314598, 1.322489641674594, 1.4831824973714574, 0.3794810020839006]
[-0.2406044387832134, 1.3652833858875864, 1.347661812878823, 0.5277443983494841]
[-0.24366179038160868, 1.381532514287985, 1.2063589747174661, 0.6516180666286974]
[-0.13571880074456072, -0.7701288641340076, 1.8153028158179254, -0.3632407817942144]
[-0.16031833480703925, -0.909664334928318, 1.8014779182909468, -0.3516163815060547]
[-0.18414540414016378, -1.0439757303702626, 1.760626265617962, -0.29954267015111025]
[-0.20583546550128573, -1.1677786670975396, 1.6944657334581905, -0.20623602209679356]
[-0.22514060598026445, -1.276897228326389, 1.6050990105253549, -0.07611793148881611]
[-0.24106439609351316, -1.3669437018447885, 1.496131942761836, 0.08148793254827433]
[-0.2528403831369235, -1.434728191353665, 1.371464130857975, 0.2533656708973207]
[-0.2604289196841394, -1.4775407767919757, 1.2359263930704805, 0.4239881326759033]
[-0.2632793051971864, -1.4937729940340458, 1.0946606915948318, 0.5774484002259419]
[-0.26141082086745054, -1.482977763179298, 0.9526129116804707, 0.6994689172526879]
[0.16545535656597932, -0.7641214742420227, 1.8153430633108523, -0.36324078179421426]
[0.19560101657392226, -0.9026999137401515, 1.8014886147255398, -0.3516163815060547]
[0.22447263532305486, -1.0358377174062074, 1.760765204625431, -0.2995426701511106]
[0.2511666655717426, -1.1590873975595453, 1.6942895346905908, -0.20623602209679348]
[0.2745898665034332, -1.2673114588786707, 1.6049614412560658, -0.07611793148881575]
[0.2938845764520916, -1.3566745681308805, 1.4959981016471262, 0.0814879325482744]
[0.30848338766758127, -1.423933076422073, 1.3712670257268562, 0.2533656708973208]
[0.31765057409766834, -1.466291685050209, 1.235913726850967, 0.4239881326759036]
[0.3210093564712096, -1.4825011101253278, 1.0945718769345438, 0.5774484002259416]
[0.31891131539403084, -1.4716804356656867, 0.9526930420284854, 0.6994689172526873]
[0.4422508721897088, -0.6447681562674521, 1.8153311832969323, -0.3632407817942142]
[0.5223460151535689, -0.7617176657778262, 1.8015584571954515, -0.3516163815060546]
[0.59953518445951, -0.8740066394101226, 1.7607640601075252, -0.29954267015111047]
[0.6708224643838089, -0.9779026689230663, 1.6943721429873604, -0.20623602209679354]
[0.7333498468270792, -1.069349804245204, 1.6050305081793086, -0.07611793148881585]
[0.7852189957482523, -1.1447813572461543, 1.4959237026223042, 0.08148793254827447]
[0.8239955716083013, -1.2015271826950433, 1.3713531520989297, 0.2533656708973209]
[0.8486330809201187, -1.2372837582059042, 1.2358934654816371, 0.4239881326759033]
[0.857931908723734, -1.2508597079619248, 1.09470756579395, 0.5774484002259417]
[0.8517689737694124, -1.2417545209002123, 0.9525973648781039, 0.6994689172526876]
[0.6532254565493953, -0.42967470343415926, 1.8153366193776383, -0.36324078179421426]
[0.771696436655209, -0.5074447703918145, 1.801558190680713, -0.3516163815060549]
[0.8855334676826263, -0.5823985896908572, 1.760754090501533, -0.29954267015111047]
[0.9907552182299412, -0.6516844384702667, 1.6943855052021053, -0.20623602209679362]
[1.0832369286592591, -0.7124634440830617, 1.6051526624722738, -0.07611793148881585]
[1.1597023450733925, -0.762824153562921, 1.496057994127924, 0.0814879325482744]
[1.217254099917635, -0.8004742295036189, 1.3714359275762622, 0.2533656708973209]
[1.2535434261476732, -0.8243654594802978, 1.2358996692538513, 0.42398813267590335]
[1.267264942907799, -0.8336079825723444, 1.0945666814456179, 0.5774484002259419]
[1.2580144749396234, -0.8275565754010197, 0.9528159639491592, 0.6994689172526874]
[0.767315558167806, -0.1506805637480935, 1.8153436903085023, -0.3632407817942144]
[0.9063544980743802, -0.17793030163982362, 1.8015115009092126, -0.351616381506055]
[1.040072213359849, -0.20435070112885836, 1.7607032116678716, -0.29954267015111047]
[1.163670771686482, -0.22843945209343208, 1.6943791117848206, -0.20623602209679356]
[1.2723372842065193, -0.2498802478285907, 1.6050474104197314, -0.07611793148881625]
[1.3620530360682535, -0.26759449059235463, 1.4960618407201203, 0.08148793254827418]
[1.4295320629552302, -0.2808917602164916, 1.3714405222981125, 0.2533656708973207]
[1.4722272300498296, -0.28911753458182765, 1.2358924996153173, 0.42398813267590296]
[1.4883576860120782, -0.29243507731883384, 1.0946560872570983, 0.5774484002259423]
[1.4775661110557796, -0.2903115091868002, 0.9527584248041882, 0.6994689172526877]
[0.767230395330438, 0.15061912940854763, 1.8153535719332705, -0.3632407817942144]
[0.9062575876767375, 0.1779621987890408, 1.8015739449123707, -0.351616381506055]
[1.0401551416582167, 0.2043039397354066, 1.7606800675206287, -0.29954267015111047]
[1.1636006362515205, 0.22842126007091873, 1.6944521926103837, -0.20623602209679356]
[1.2722811156874196, 0.24979466249607105, 1.6051187725136615, -0.07611793148881625]
[1.3620959281685112, 0.2676339795043644, 1.4959988375555318, 0.08148793254827418]
[1.429606556614936, 0.28089396843484893, 1.371311089071713, 0.2533656708973207]
[1.4721501936246868, 0.2890200544664017, 1.2360663067357878, 0.4239881326759031]
[1.4883978110525304, 0.29220199714594486, 1.0946841914943963, 0.5774484002259419]
[1.4775541757901853, 0.29021262200691783, 0.9527748749168511, 0.699468917252688]
[0.6533622115511404, 0.4297751917205098, 1.815267289415878, -0.36324078179421426]
[0.7717818650265559, 0.5076577610070684, 1.8014626076118823, -0.3516163815060546]
[0.8854838814216304, 0.5824815761549418, 1.7607652293650156, -0.29954267015111036]
[0.990841371026257, 0.6515450664157583, 1.6943972682840545, -0.20623602209679356]
[1.083505699204891, 0.7124814775446733, 1.6049076458773748, -0.07611793148881629]
[1.1597047261148803, 0.7628651724469347, 1.49602390029363, 0.08148793254827433]
[1.2171894761069784, 0.8004552873668713, 1.3715403378603297, 0.2533656708973206]
[1.2535419159923185, 0.8243953031711866, 1.2358675567698705, 0.4239881326759032]
[1.267288037623088, 0.8335501191907574, 1.0945752195072465, 0.5774484002259416]
[1.2580625179450888, 0.8275758571398582, 0.952578367287494, 0.6994689172526873]
[0.4423050641612577, 0.6448474921465616, 1.8153356732171457, -0.36324078179421443]
[0.5224372782319854, 0.7617265603347064, 1.8015205089988395, -0.3516163815060549]
[0.5996242558694322, 0.874177116113195, 1.7606476442106032, -0.29954267015111047]
[0.6707311244953491, 0.9779883574681185, 1.694377262198281, -0.20623602209679368]
[0.7332954639960274, 1.0692956145417216, 1.6051150609808718, -0.07611793148881602]
[0.7851067313903237, 1.1447963347470367, 1.4959888007217452, 0.0814879325482741]
[0.824111476290707, 1.201328668635283, 1.3715017082134426, 0.2533656708973211]
[0.8487244923687879, 1.2372678637533117, 1.2357686534281096, 0.4239881326759036]
[0.8579245298929877, 1.2509631214123222, 1.094398445361277, 0.5774484002259418]
[0.8517995062242152, 1.2417148076228468, 0.952852859292846, 0.6994689172526879]
[0.16560075927096787, 0.7643402150912605, 1.8152588311899487, -0.36324078179421426]
[0.19556032083879749, 0.9025810022922349, 1.801569455812536, -0.3516163815060548]
[0.22432781012025452, 1.035894926684237, 1.76076514056217, -0.2995426701511106]
[0.2511347671229986, 1.1588892598910507, 1.6944542670427567, -0.20623602209679348]
[0.2744350034791445, 1.2673262799026546, 1.6049833027244502, -0.07611793148881575]
[0.2937646581185171, 1.3565717982651593, 1.496165600794266, 0.08148793254827429]
[0.30851004695158707, 1.4238080969793319, 1.3714593839556743, 0.2533656708973207]
[0.31777463270386375, 1.4663190088360591, 1.235860522063009, 0.4239881326759033]
[0.32116921220222805, 1.482473185936715, 1.0944492906994936, 0.5774484002259416]
[0.31871911606989495, 1.4716850918320228, 0.9526786794762587, 0.6994689172526873]
[-0.13576020119656812, 0.7701396215699593, 1.815325213006027, -0.3632407817942144]
[-0.160319099555059, 0.9096724518814159, 1.801513154410499, -0.3516163815060545]
[-0.18398740927530616, 1.043712688381915, 1.7608105360973596, -0.29954267015111025]
[-0.2058337171066508, 1.1679100812365812, 1.6943371945431844, -0.20623602209679354]
[-0.22517933734213963, 1.2768794183831818, 1.605110583308383, -0.07611793148881606]
[-0.24096547412243166, 1.3670460354851988, 1.496029056000987, 0.08148793254827433]
[-0.25284746712563755, 1.4346735994998805, 1.3715809824312255, 0.2533656708973208]
[-0.26043779662156596, 1.477594400604878, 1.2358269915424975, 0.4239881326759032]
[-0.2632664088208115, 1.493785043073236, 1.0946417858635542, 0.5774484002259418]
[-0.26155796785076457, 1.4829025086445802, 0.9528552842520968, 0.6994689172526878]
